# from https://www.stsci.edu/hst/instrumentation/focus-and-pointing/fov-geometry
# Aperture  ProposalID   Xref      Yref     V2ref     V3ref    Xscale    Yscale    Betax    Betay
#                          pixels            arc-seconds         arcsec/pixel         degrees
#
OFUV                       1040.66   1041.68 -213.6796 -224.8351  0.012371  0.012371   45.0000  135.0000
ONUV                       1040.65   1041.67 -213.6796 -224.8351  0.012375  0.012375   45.0000  135.0000
OVIS                        537.00    516.00 -213.6796 -224.8351  0.050763  0.050777   45.0559  135.0559
OF25        25MAMA         1040.66   1041.68 -213.6796 -224.8351  0.012371  0.012371   45.0000  135.0000
ON25        25MAMA         1040.65   1041.67 -213.6796 -224.8351  0.012375  0.012375   45.0000  135.0000
OF25LYA     F25LYA         1040.66   1041.68 -213.6198 -224.7753  0.012371  0.012371   45.0000  135.0000
OF25QTZ     F25QTZ         1040.66   1041.68 -213.6313 -224.7869  0.012371  0.012371   45.0000  135.0000
ON25QTZ     F25QTZ         1040.65   1041.67 -213.6353 -224.7908  0.012375  0.012375   45.0000  135.0000
ON25CN182   F25CN182       1040.65   1041.67 -213.6309 -224.7864  0.012375  0.012375   45.0000  135.0000
ON25C3      F25CIII        1040.65   1041.67 -213.6316 -224.7871  0.012375  0.012375   45.0000  135.0000
ON25MG2     F25MGII        1040.65   1041.67 -213.6356 -224.7912  0.012375  0.012375   45.0000  135.0000
OF25SRF2    F25SRF2        1040.66   1041.68 -213.6298 -224.7853  0.012371  0.012371   45.0000  135.0000
ON25SRF2    F25SRF2        1040.65   1041.67 -213.6353 -224.7908  0.012375  0.012375   45.0000  135.0000
OF25NDQ1    F25NDQ1         396.65   1512.73 -215.0832 -234.4516  0.012371  0.012371   45.0000  135.0000
OF25NDQ2    F25NDQ2        1423.01   1505.49 -206.2802 -225.5223  0.012371  0.012371   45.0000  135.0000
OF25NDQ3    F25NDQ3        1370.05    508.74 -215.4268 -217.2906  0.012371  0.012371   45.0000  135.0000
OF25NDQ4    F25NDQ4         389.42    495.42 -224.0139 -225.6458  0.012371  0.012371   45.0000  135.0000
ON25NDQ1    F25NDQ1         396.91   1512.59 -215.0854 -234.4537  0.012375  0.012375   45.0000  135.0000
ON25NDQ2    F25NDQ2        1422.85   1505.35 -206.2824 -225.5244  0.012375  0.012375   45.0000  135.0000
ON25NDQ3    F25NDQ3        1369.91    508.89 -215.4290 -217.2928  0.012375  0.012375   45.0000  135.0000
ON25NDQ4    F25NDQ4         389.68    495.58 -224.0161 -225.6479  0.012375  0.012375   45.0000  135.0000
OV25NDQ1    F25NDQ1         382.12    630.52 -215.0916 -234.4600  0.050763  0.050777   45.0559  135.0559
OV25NDQ2    F25NDQ2         629.12    628.52 -206.2887 -225.5307  0.050763  0.050777   45.0559  135.0559
OV25NDQ3    F25NDQ3         616.14    386.53 -215.4352 -217.2990  0.050763  0.050777   45.0559  135.0559
OV25NDQ4    F25NDQ4         380.14    383.53 -224.0223 -225.6542  0.050763  0.050777   45.0559  135.0559
ON25CN270   F25CN270       1040.65   1041.67 -213.6354 -224.7909  0.012375  0.012375   45.0000  135.0000
OV50        50CCD           537.00    516.00 -213.6796 -224.8351  0.050763  0.050777   45.0559  135.0559
OF2X2       2X2            1052.36   1041.69 -213.5784 -224.7341  0.012371  0.012371   45.0000  135.0000
ON2X2       2X2            1052.35   1041.68 -213.5784 -224.7341  0.012375  0.012375   45.0000  135.0000
OV2X2       2X2             539.81    516.00 -213.5784 -224.7341  0.050763  0.050777   45.0559  135.0559
OF36X050P   36X0.05P45     1042.63   1041.68 -213.6625 -224.8181  0.012371  0.012371   45.0000  135.0000
ON36X050P   36X0.05P45     1042.63   1041.67 -213.6625 -224.8181  0.012375  0.012375   45.0000  135.0000
OV36X050P   36X0.05P45      537.47    516.00 -213.6625 -224.8181  0.050763  0.050777   45.0559  135.0559
OF36X050N   36X0.05N45      961.19   1041.60 -214.3667 -225.5209  0.012371  0.012371   45.0000  135.0000
ON36X050N   36X0.05N45      961.22   1041.59 -214.3667 -225.5209  0.012375  0.012375   45.0000  135.0000
OV36X050N   36X0.05N45      517.87    516.00 -214.3667 -225.5209  0.050763  0.050777   45.0559  135.0559
OF36X600P   36X0.6P45      1040.47   1041.68 -213.6812 -224.8367  0.012371  0.012371   45.0000  135.0000
ON36X600P   36X0.6P45      1040.47   1041.67 -213.6812 -224.8367  0.012375  0.012375   45.0000  135.0000
OV36X600P   36X0.6P45       536.95    516.00 -213.6812 -224.8367  0.050763  0.050777   45.0559  135.0559
OF36X600N   36X0.6N45      1041.35   1041.68 -213.6737 -224.8292  0.012371  0.012371   45.0000  135.0000
ON36X600N   36X0.6N45      1041.34   1041.67 -213.6737 -224.8292  0.012375  0.012375   45.0000  135.0000
OV36X600N   36X0.6N45       537.16    516.00 -213.6737 -224.8292  0.050763  0.050777   45.0559  135.0559
OF100X060   0.1X0.06        964.22   1041.60 -214.3405 -225.4947  0.012371  0.012371   45.0000  135.0000
ON100X060   0.1X0.06        964.25   1041.60 -214.3405 -225.4947  0.012375  0.012375   45.0000  135.0000
OV100X060   0.1X0.06        518.60    516.00 -214.3405 -225.4947  0.050763  0.050777   45.0559  135.0559
OF100X090   0.1X0.09        999.42   1041.64 -214.0362 -225.1910  0.012371  0.012371   45.0000  135.0000
ON100X090   0.1X0.09        999.43   1041.63 -214.0362 -225.1910  0.012375  0.012375   45.0000  135.0000
OV100X090   0.1X0.09        527.07    516.00 -214.0362 -225.1910  0.050763  0.050777   45.0559  135.0559
OF100X200   0.1X0.2        1051.69   1041.69 -213.5842 -224.7399  0.012371  0.012371   45.0000  135.0000
ON100X200   0.1X0.2        1051.68   1041.68 -213.5842 -224.7399  0.012375  0.012375   45.0000  135.0000
OV100X200   0.1X0.2         539.65    516.00 -213.5842 -224.7399  0.050763  0.050777   45.0559  135.0559
OF200X060   0.2X0.06       1042.80   1041.68 -213.6611 -224.8166  0.012371  0.012371   45.0000  135.0000
ON200X060   0.2X0.06       1042.79   1041.67 -213.6611 -224.8166  0.012375  0.012375   45.0000  135.0000
OV200X060   0.2X0.06        537.51    516.00 -213.6611 -224.8166  0.050763  0.050777   45.0559  135.0559
OF200X090   0.2X0.09       1040.43   1041.68 -213.6816 -224.8371  0.012371  0.012371   45.0000  135.0000
ON200X090   0.2X0.09       1040.42   1041.67 -213.6816 -224.8371  0.012375  0.012375   45.0000  135.0000
OV200X090   0.2X0.09        536.94    516.00 -213.6816 -224.8371  0.050763  0.050777   45.0559  135.0559
OF200X200   0.2X0.2        1040.66   1041.68 -213.6796 -224.8351  0.012371  0.012371   45.0000  135.0000
ON200X200   0.2X0.2        1040.65   1041.67 -213.6796 -224.8351  0.012375  0.012375   45.0000  135.0000
OV200X200   0.2X0.2         537.00    516.00 -213.6796 -224.8351  0.050763  0.050777   45.0559  135.0559
OF330X060   0.3X0.06       1058.13   1041.69 -213.5285 -224.6843  0.012371  0.012371   45.0000  135.0000
ON330X060   0.3X0.06       1058.12   1041.69 -213.5285 -224.6843  0.012375  0.012375   45.0000  135.0000
OV330X060   0.3X0.06        541.20    516.00 -213.5285 -224.6843  0.050763  0.050777   45.0559  135.0559
OF330X090   0.3X0.09       1044.55   1041.68 -213.6460 -224.8016  0.012371  0.012371   45.0000  135.0000
ON330X090   0.3X0.09       1044.54   1041.67 -213.6460 -224.8016  0.012375  0.012375   45.0000  135.0000
OV330X090   0.3X0.09        537.93    516.00 -213.6460 -224.8016  0.050763  0.050777   45.0559  135.0559
OF330X200   0.3X0.2        1047.04   1041.68 -213.6244 -224.7800  0.012371  0.012371   45.0000  135.0000
ON330X200   0.3X0.2        1047.03   1041.68 -213.6244 -224.7800  0.012375  0.012375   45.0000  135.0000
OV330X200   0.3X0.2         538.53    516.00 -213.6244 -224.7800  0.050763  0.050777   45.0559  135.0559
OF1X060     1X0.06         1056.55   1041.69 -213.5421 -224.6979  0.012371  0.012371   45.0000  135.0000
ON1X060     1X0.06         1056.54   1041.69 -213.5421 -224.6979  0.012375  0.012375   45.0000  135.0000
OV1X060     1X0.06          540.82    516.00 -213.5421 -224.6979  0.050763  0.050777   45.0559  135.0559
OF1X200     1X0.2          1049.12   1041.68 -213.6065 -224.7621  0.012371  0.012371   45.0000  135.0000
ON1X200     1X0.2          1049.11   1041.68 -213.6065 -224.7621  0.012375  0.012375   45.0000  135.0000
OV1X200     1X0.2           539.03    516.00 -213.6065 -224.7621  0.050763  0.050777   45.0559  135.0559
OF200X500   0.2X0.5        1045.75   1041.68 -213.6356 -224.7912  0.012371  0.012371   45.0000  135.0000
ON200X500   0.2X0.5        1045.74   1041.68 -213.6356 -224.7912  0.012375  0.012375   45.0000  135.0000
OV200X500   0.2X0.5         538.22    516.00 -213.6356 -224.7912  0.050763  0.050777   45.0559  135.0559
OF6X060     6X0.06         1042.05   1041.68 -213.6675 -224.8231  0.012371  0.012371   45.0000  135.0000
ON6X060     6X0.06         1042.04   1041.67 -213.6675 -224.8231  0.012375  0.012375   45.0000  135.0000
OV6X060     6X0.06          537.33    516.00 -213.6675 -224.8231  0.050763  0.050777   45.0559  135.0559
OF6X200     6X0.2          1047.83   1041.68 -213.6176 -224.7732  0.012371  0.012371   45.0000  135.0000
ON6X200     6X0.2          1047.82   1041.68 -213.6176 -224.7732  0.012375  0.012375   45.0000  135.0000
OV6X200     6X0.2           538.72    516.00 -213.6176 -224.7732  0.050763  0.050777   45.0559  135.0559
OF100X030   0.1X0.03       1048.62   1041.68 -213.6108 -224.7664  0.012371  0.012371   45.0000  135.0000
ON100X030   0.1X0.03       1048.61   1041.68 -213.6108 -224.7664  0.012375  0.012375   45.0000  135.0000
OV100X030   0.1X0.03        538.91    516.00 -213.6108 -224.7664  0.050763  0.050777   45.0559  135.0559
OF500X500   0.5X0.5        1045.38   1041.68 -213.6388 -224.7944  0.012371  0.012371   45.0000  135.0000
ON500X500   0.5X0.5        1045.37   1041.67 -213.6388 -224.7944  0.012375  0.012375   45.0000  135.0000
OV500X500   0.5X0.5         538.13    516.00 -213.6388 -224.7944  0.050763  0.050777   45.0559  135.0559
OF6X500     6X0.5          1050.82   1041.69 -213.5917 -224.7474  0.012371  0.012371   45.0000  135.0000
ON6X500     6X0.5          1050.81   1041.68 -213.5917 -224.7474  0.012375  0.012375   45.0000  135.0000
OV6X500     6X0.5           539.44    516.00 -213.5917 -224.7474  0.050763  0.050777   45.0559  135.0559
OF6X6       6X6            1054.52   1041.69 -213.5598 -224.7155  0.012371  0.012371   45.0000  135.0000
ON6X6       6X6            1054.51   1041.68 -213.5598 -224.7155  0.012375  0.012375   45.0000  135.0000
OV6X6       6X6             540.33    516.00 -213.5598 -224.7155  0.050763  0.050777   45.0559  135.0559
OFL050      52X0.05        1042.09   1041.68 -213.6672 -224.8227  0.012371  0.012371   45.0000  135.0000
ONL050      52X0.05        1042.09   1041.67 -213.6672 -224.8227  0.012375  0.012375   45.0000  135.0000
OVL050      52X0.05         537.34    516.00 -213.6672 -224.8227  0.050763  0.050777   45.0559  135.0559
OFL100      52X0.1         1041.89   1041.68 -213.6690 -224.8245  0.012371  0.012371   45.0000  135.0000
ONL100      52X0.1         1041.88   1041.67 -213.6690 -224.8245  0.012375  0.012375   45.0000  135.0000
OVL100      52X0.1          537.29    516.00 -213.6690 -224.8245  0.050763  0.050777   45.0559  135.0559
OFL200      52X0.2         1046.96   1041.68 -213.6251 -224.7808  0.012371  0.012371   45.0000  135.0000
ONL200      52X0.2         1046.95   1041.68 -213.6251 -224.7808  0.012375  0.012375   45.0000  135.0000
OVL200      52X0.2          538.51    516.00 -213.6251 -224.7808  0.050763  0.050777   45.0559  135.0559
OFL500      52X0.5         1046.37   1041.68 -213.6302 -224.7858  0.012371  0.012371   45.0000  135.0000
ONL500      52X0.5         1046.36   1041.68 -213.6302 -224.7858  0.012375  0.012375   45.0000  135.0000
OVL500      52X0.5          538.37    516.00 -213.6302 -224.7858  0.050763  0.050777   45.0559  135.0559
OFL2        52X2           1045.92   1041.68 -213.6341 -224.7897  0.012371  0.012371   45.0000  135.0000
ONL2        52X2           1045.91   1041.68 -213.6341 -224.7897  0.012375  0.012375   45.0000  135.0000
OVL2        52X2            538.26    516.00 -213.6341 -224.7897  0.050763  0.050777   45.0559  135.0559
OFLBAR2     52X0.1B0.5     1047.37   1121.57 -212.9251 -225.4736  0.012371  0.012371   45.0000  135.0000
OFLBARR2    52X0.1B0.5-R   1047.28   1041.68 -213.6223 -224.7779  0.012371  0.012371   45.0000  135.0000
ONLBAR2     52X0.1B0.5     1047.36   1121.55 -212.9251 -225.4736  0.012375  0.012375   45.0000  135.0000
ONLBARR2    52X0.1B0.5-R   1047.27   1041.68 -213.6223 -224.7779  0.012375  0.012375   45.0000  135.0000
OVLBAR2     52X0.1B0.5      538.63    535.40 -212.9251 -225.4736  0.050763  0.050777   45.0559  135.0559
OVLBARR2    52X0.1B0.5-R    538.59    516.00 -213.6223 -224.7779  0.050763  0.050777   45.0559  135.0559
OF200X60A   0.2X0.06FPA    1046.83   1041.68 -213.6262 -224.7818  0.012371  0.012371   45.0000  135.0000
ON200X60A   0.2X0.06FPA    1046.82   1041.68 -213.6262 -224.7818  0.012375  0.012375   45.0000  135.0000
OV200X60A   0.2X0.06FPA     538.48    516.00 -213.6262 -224.7818  0.050763  0.050777   45.0559  135.0559
OF200X60B   0.2X0.06FPB    1081.49   1041.72 -213.3266 -224.4828  0.012371  0.012371   45.0000  135.0000
ON200X60B   0.2X0.06FPB    1081.46   1041.71 -213.3266 -224.4828  0.012375  0.012375   45.0000  135.0000
OV200X60B   0.2X0.06FPB     546.82    516.00 -213.3266 -224.4828  0.050763  0.050777   45.0559  135.0559
OF200X60C   0.2X0.06FPC    1050.82   1041.69 -213.5917 -224.7474  0.012371  0.012371   45.0000  135.0000
ON200X60C   0.2X0.06FPC    1050.81   1041.68 -213.5917 -224.7474  0.012375  0.012375   45.0000  135.0000
OV200X60C   0.2X0.06FPC     539.44    516.00 -213.5917 -224.7474  0.050763  0.050777   45.0559  135.0559
OF200X60D   0.2X0.06FPD    1031.50   1041.67 -213.7588 -224.9142  0.012371  0.012371   45.0000  135.0000
ON200X60D   0.2X0.06FPD    1031.49   1041.66 -213.7588 -224.9142  0.012375  0.012375   45.0000  135.0000
OV200X60D   0.2X0.06FPD     534.79    516.00 -213.7588 -224.9142  0.050763  0.050777   45.0559  135.0559
OF200X60E   0.2X0.06FPE    1060.21   1041.69 -213.5105 -224.6664  0.012371  0.012371   45.0000  135.0000
ON200X60E   0.2X0.06FPE    1060.20   1041.69 -213.5105 -224.6664  0.012375  0.012375   45.0000  135.0000
OV200X60E   0.2X0.06FPE     541.70    516.00 -213.5105 -224.6664  0.050763  0.050777   45.0559  135.0559
OF200A      0.2X0.2FPA     1040.27   1041.68 -213.6830 -224.8385  0.012371  0.012371   45.0000  135.0000
ON200A      0.2X0.2FPA     1040.26   1041.67 -213.6830 -224.8385  0.012375  0.012375   45.0000  135.0000
OV200A      0.2X0.2FPA      536.90    516.00 -213.6830 -224.8385  0.050763  0.050777   45.0559  135.0559
OF200B      0.2X0.2FPB     1074.96   1041.71 -213.3830 -224.5391  0.012371  0.012371   45.0000  135.0000
ON200B      0.2X0.2FPB     1074.94   1041.70 -213.3830 -224.5391  0.012375  0.012375   45.0000  135.0000
OV200B      0.2X0.2FPB      545.25    516.00 -213.3830 -224.5391  0.050763  0.050777   45.0559  135.0559
OF200C      0.2X0.2FPC     1044.38   1041.68 -213.6474 -224.8030  0.012371  0.012371   45.0000  135.0000
ON200C      0.2X0.2FPC     1044.37   1041.67 -213.6474 -224.8030  0.012375  0.012375   45.0000  135.0000
OV200C      0.2X0.2FPC      537.89    516.00 -213.6474 -224.8030  0.050763  0.050777   45.0559  135.0559
OF200D      0.2X0.2FPD     1025.06   1041.66 -213.8145 -224.9697  0.012371  0.012371   45.0000  135.0000
ON200D      0.2X0.2FPD     1025.06   1041.66 -213.8145 -224.9697  0.012375  0.012375   45.0000  135.0000
OV200D      0.2X0.2FPD      533.24    516.00 -213.8145 -224.9697  0.050763  0.050777   45.0559  135.0559
OF200E      0.2X0.2FPE     1053.73   1041.69 -213.5666 -224.7223  0.012371  0.012371   45.0000  135.0000
ON200E      0.2X0.2FPE     1053.72   1041.68 -213.5666 -224.7223  0.012375  0.012375   45.0000  135.0000
OV200E      0.2X0.2FPE      540.14    516.00 -213.5666 -224.7223  0.050763  0.050777   45.0559  135.0559
OV50COR     50CORON         540.33    516.00 -213.5599 -224.7156  0.050763  0.050777   45.0559  135.0559
OVBAR10     BAR10           644.22    846.21 -197.9826 -232.8577  0.050763  0.050777   45.0559  135.0559
OVBAR5                      963.85    704.69 -191.5745 -216.3097  0.050763  0.050777   45.0559  135.0559
OVWGA10     WEDGEA1.0       329.50    214.57 -231.9472 -221.4423  0.050763  0.050777   45.0559  135.0559
OVWGA18     WEDGEA1.8       330.99    534.93 -220.4022 -232.9029  0.050763  0.050777   45.0559  135.0559
OVWGA20     WEDGEA2.0       331.37    615.02 -217.5160 -235.7680  0.050763  0.050777   45.0559  135.0559
OVWGA25     WEDGEA2.5       332.30    815.25 -210.3004 -242.9308  0.050763  0.050777   45.0559  135.0559
OVWGA28     WEDGEA2.8       332.85    935.39 -205.9711 -247.2285  0.050763  0.050777   45.0559  135.0559
OVWGB10     WEDGEB1.0       234.71    306.57 -232.0531 -228.1479  0.050763  0.050777   45.0559  135.0559
OVWGB18     WEDGEB1.8       548.10    305.52 -220.8310 -216.8723  0.050763  0.050777   45.0559  135.0559
OVWGB20     WEDGEB2.0       626.44    305.25 -218.0254 -214.0534  0.050763  0.050777   45.0559  135.0559
OVWGB25     WEDGEB2.5       822.31    304.60 -211.0116 -207.0061  0.050763  0.050777   45.0559  135.0559
OVWGB28     WEDGEB2.8       939.82    304.20 -206.8032 -202.7777  0.050763  0.050777   45.0559  135.0559
ON50COR     50CORON        1054.49   1041.68 -213.5599 -224.7156  0.012375  0.012375   45.0000  135.0000
ONBAR10     BAR10          1484.68   2401.74 -197.9826 -232.8577  0.012375  0.012375   45.0000  135.0000
ONBAR5                     2812.86   1820.34 -191.5745 -216.3097  0.012375  0.012375   45.0000  135.0000
ONWGA10     WEDGEA1.0       180.02   -200.33 -231.9472 -221.4423  0.012375  0.012375   45.0000  135.0000
ONWGA18     WEDGEA1.8       184.92   1118.79 -220.4022 -232.9029  0.012375  0.012375   45.0000  135.0000
ONWGA20     WEDGEA2.0       186.14   1448.57 -217.5160 -235.7680  0.012375  0.012375   45.0000  135.0000
ONWGA25     WEDGEA2.5       189.20   2273.03 -210.3004 -242.9308  0.012375  0.012375   45.0000  135.0000
ONWGA28     WEDGEA2.8       191.04   2767.70 -205.9711 -247.2285  0.012375  0.012375   45.0000  135.0000
ONWGB10     WEDGEB1.0      -214.07    178.08 -232.0531 -228.1479  0.012375  0.012375   45.0000  135.0000
ONWGB18     WEDGEB1.8      1087.59    175.03 -220.8310 -216.8723  0.012375  0.012375   45.0000  135.0000
ONWGB20     WEDGEB2.0      1413.01    174.26 -218.0254 -214.0534  0.012375  0.012375   45.0000  135.0000
ONWGB25     WEDGEB2.5      2226.55    172.35 -211.0116 -207.0061  0.012375  0.012375   45.0000  135.0000
ONWGB28     WEDGEB2.8      2714.67    171.21 -206.8032 -202.7777  0.012375  0.012375   45.0000  135.0000
OF50COR     50CORON        1054.51   1041.69 -213.5599 -224.7156  0.012371  0.012371   45.0000  135.0000
OFBAR10     BAR10          1484.87   2402.16 -197.9826 -232.8577  0.012371  0.012371   45.0000  135.0000
OFBAR5                     2813.59   1820.58 -191.5745 -216.3097  0.012371  0.012371   45.0000  135.0000
OFWGA10     WEDGEA1.0       179.68   -200.70 -231.9472 -221.4423  0.012371  0.012371   45.0000  135.0000
OFWGA18     WEDGEA1.8       184.58   1118.82 -220.4022 -232.9029  0.012371  0.012371   45.0000  135.0000
OFWGA20     WEDGEA2.0       185.80   1448.70 -217.5160 -235.7680  0.012371  0.012371   45.0000  135.0000
OFWGA25     WEDGEA2.5       188.86   2273.40 -210.3004 -242.9308  0.012371  0.012371   45.0000  135.0000
OFWGA28     WEDGEA2.8       190.70   2768.22 -205.9711 -247.2285  0.012371  0.012371   45.0000  135.0000
OFWGB10     WEDGEB1.0      -214.58    177.83 -232.0531 -228.1479  0.012371  0.012371   45.0000  135.0000
OFWGB18     WEDGEB1.8      1087.62    174.77 -220.8310 -216.8723  0.012371  0.012371   45.0000  135.0000
OFWGB20     WEDGEB2.0      1413.17    174.01 -218.0254 -214.0534  0.012371  0.012371   45.0000  135.0000
OFWGB25     WEDGEB2.5      2227.04    172.10 -211.0116 -207.0061  0.012371  0.012371   45.0000  135.0000
OFWGB28     WEDGEB2.8      2715.36    170.95 -206.8032 -202.7777  0.012371  0.012371   45.0000  135.0000
OF050X29    0.05X29        1039.14   1041.67 -213.6927 -224.8482  0.012371  0.012371   45.0000  135.0000
ON050X29    0.05X29        1039.14   1041.67 -213.6927 -224.8482  0.012375  0.012375   45.0000  135.0000
OV050X29    0.05X29         536.63    516.00 -213.6927 -224.8482  0.050763  0.050777   45.0559  135.0559
OF090X29    0.09X29        1041.76   1041.68 -213.6701 -224.8256  0.012371  0.012371   45.0000  135.0000
ON090X29    0.09X29        1041.75   1041.67 -213.6701 -224.8256  0.012375  0.012375   45.0000  135.0000
OV090X29    0.09X29         537.26    516.00 -213.6701 -224.8256  0.050763  0.050777   45.0559  135.0559
OF200X29    0.2X29         1046.33   1041.68 -213.6305 -224.7861  0.012371  0.012371   45.0000  135.0000
ON200X29    0.2X29         1046.32   1041.68 -213.6305 -224.7861  0.012375  0.012375   45.0000  135.0000
OV200X29    0.2X29          538.36    516.00 -213.6305 -224.7861  0.050763  0.050777   45.0559  135.0559
OV28X50LP   F28X50LP        537.00    516.00 -213.6341 -224.7896  0.050763  0.050777   45.0559  135.0559
OV28X50O3   F28X50OIII      537.00    516.00 -213.6341 -224.7896  0.050763  0.050777   45.0559  135.0559
OV28X50O2   F28X50OII       537.00    516.00 -213.6324 -224.7879  0.050763  0.050777   45.0559  135.0559
OF25ND3     F25ND3         1040.66   1041.68 -213.6264 -224.7819  0.012371  0.012371   45.0000  135.0000
ON25ND3     F25ND3         1040.65   1041.67 -213.6286 -224.7841  0.012375  0.012375   45.0000  135.0000
OV25ND3     F25ND3          537.00    516.00 -213.6348 -224.7904  0.050763  0.050777   45.0559  135.0559
OF25ND5     F25ND5         1040.66   1041.68 -213.6264 -224.7819  0.012371  0.012371   45.0000  135.0000
ON25ND5     F25ND5         1040.65   1041.67 -213.6286 -224.7841  0.012375  0.012375   45.0000  135.0000
OV25ND5     F25ND5          537.00    516.00 -213.6348 -224.7904  0.050763  0.050777   45.0559  135.0559
OF31X050A   31X0.05NDA     1038.35   1041.67 -213.6463 -224.8018  0.012371  0.012371   45.0000  135.0000
ON31X050A   31X0.05NDA     1038.35   1041.67 -213.6485 -224.8040  0.012375  0.012375   45.0000  135.0000
OV31X050A   31X0.05NDA      536.44    516.00 -213.6548 -224.8102  0.050763  0.050777   45.0559  135.0559
OF31X050B   31X0.05NDB     1036.15   1041.67 -213.6654 -224.8208  0.012371  0.012371   45.0000  135.0000
ON31X050B   31X0.05NDB     1036.15   1041.67 -213.6675 -224.8230  0.012375  0.012375   45.0000  135.0000
OV31X050B   31X0.05NDB      535.91    516.00 -213.6738 -224.8292  0.050763  0.050777   45.0559  135.0559
OF31X050C   31X0.05NDC     1036.23   1041.67 -213.6647 -224.8201  0.012371  0.012371   45.0000  135.0000
ON31X050C   31X0.05NDC     1036.23   1041.67 -213.6668 -224.8223  0.012375  0.012375   45.0000  135.0000
OV31X050C   31X0.05NDC      535.93    516.00 -213.6731 -224.8285  0.050763  0.050777   45.0559  135.0559
OF330X050   0.3X0.05ND     1035.36   1041.67 -213.6722 -224.8276  0.012371  0.012371   45.0000  135.0000
ON330X050   0.3X0.05ND     1035.36   1041.67 -213.6744 -224.8298  0.012375  0.012375   45.0000  135.0000
OV330X050   0.3X0.05ND      535.72    516.00 -213.6806 -224.8360  0.050763  0.050777   45.0559  135.0559
OF200X050   0.2X0.05ND     1035.65   1041.67 -213.6697 -224.8251  0.012371  0.012371   45.0000  135.0000
ON200X050   0.2X0.05ND     1035.65   1041.67 -213.6719 -224.8273  0.012375  0.012375   45.0000  135.0000
OV200X050   0.2X0.05ND      535.79    516.00 -213.6781 -224.8335  0.050763  0.050777   45.0559  135.0559
OF050X31B   0.05X31NDB     1034.28   1041.67 -213.6815 -224.8369  0.012371  0.012371   45.0000  135.0000
ON050X31B   0.05X31NDB     1034.28   1041.66 -213.6837 -224.8391  0.012375  0.012375   45.0000  135.0000
OV050X31B   0.05X31NDB      535.46    516.00 -213.6900 -224.8454  0.050763  0.050777   45.0559  135.0559
OF050X31A   0.05X31NDA     1034.49   1041.67 -213.6797 -224.8352  0.012371  0.012371   45.0000  135.0000
ON050X31A   0.05X31NDA     1034.49   1041.66 -213.6819 -224.8373  0.012375  0.012375   45.0000  135.0000
OV050X31A   0.05X31NDA      535.51    516.00 -213.6882 -224.8436  0.050763  0.050777   45.0559  135.0559
OFL050F1    52X0.05F1      1029.75    961.79 -214.4702 -224.2330  0.012371  0.012371   45.0000  135.0000
OFL050R1    52X0.05F1-R    1031.47   1041.67 -213.7591 -224.9144  0.012371  0.012371   45.0000  135.0000
ONL050F1    52X0.05F1      1029.74    961.81 -214.4702 -224.2330  0.012375  0.012375   45.0000  135.0000
ONL050R1    52X0.05F1-R    1031.47   1041.66 -213.7591 -224.9144  0.012375  0.012375   45.0000  135.0000
OVL050F1    52X0.05F1       534.35    496.61 -214.4702 -224.2330  0.050763  0.050777   45.0559  135.0559
OVL050R1    52X0.05F1-R     534.79    516.00 -213.7591 -224.9144  0.050763  0.050777   45.0559  135.0559
OFL050F2    52X0.05F2      1030.55   1121.54 -213.0708 -225.6187  0.012371  0.012371   45.0000  135.0000
OFL050R2    52X0.05F2-R    1032.45   1041.67 -213.7505 -224.9059  0.012371  0.012371   45.0000  135.0000
ONL050F2    52X0.05F2      1030.54   1121.51 -213.0708 -225.6187  0.012375  0.012375   45.0000  135.0000
ONL050R2    52X0.05F2-R    1032.45   1041.66 -213.7505 -224.9059  0.012375  0.012375   45.0000  135.0000
OVL050F2    52X0.05F2       534.58    535.39 -213.0708 -225.6187  0.050763  0.050777   45.0559  135.0559
OVL050R2    52X0.05F2-R     535.02    516.00 -213.7505 -224.9059  0.050763  0.050777   45.0559  135.0559
OFL100F1    52X0.1F1       1029.79    961.79 -214.4699 -224.2326  0.012371  0.012371   45.0000  135.0000
OFL100R1    52X0.1F1-R     1031.51   1041.67 -213.7587 -224.9141  0.012371  0.012371   45.0000  135.0000
ONL100F1    52X0.1F1       1029.79    961.81 -214.4699 -224.2326  0.012375  0.012375   45.0000  135.0000
ONL100R1    52X0.1F1-R     1031.51   1041.66 -213.7587 -224.9141  0.012375  0.012375   45.0000  135.0000
OVL100F1    52X0.1F1        534.36    496.61 -214.4699 -224.2326  0.050763  0.050777   45.0559  135.0559
OVL100R1    52X0.1F1-R      534.80    516.00 -213.7587 -224.9141  0.050763  0.050777   45.0559  135.0559
OFL100F2    52X0.1F2       1029.84   1121.54 -213.0769 -225.6248  0.012371  0.012371   45.0000  135.0000
OFL100R2    52X0.1F2-R     1031.75   1041.67 -213.7567 -224.9120  0.012371  0.012371   45.0000  135.0000
ONL100F2    52X0.1F2       1029.84   1121.51 -213.0769 -225.6248  0.012375  0.012375   45.0000  135.0000
ONL100R2    52X0.1F2-R     1031.74   1041.66 -213.7567 -224.9120  0.012375  0.012375   45.0000  135.0000
OVL100F2    52X0.1F2        534.41    535.39 -213.0769 -225.6248  0.050763  0.050777   45.0559  135.0559
OVL100R2    52X0.1F2-R      534.85    516.00 -213.7567 -224.9120  0.050763  0.050777   45.0559  135.0559
OFL200F1    52X0.2F1       1034.65    961.80 -214.4278 -224.1907  0.012371  0.012371   45.0000  135.0000
OFL200R1    52X0.2F1-R     1036.37   1041.67 -213.7167 -224.8721  0.012371  0.012371   45.0000  135.0000
ONL200F1    52X0.2F1       1034.65    961.82 -214.4278 -224.1907  0.012375  0.012375   45.0000  135.0000
ONL200R1    52X0.2F1-R     1036.37   1041.67 -213.7167 -224.8721  0.012375  0.012375   45.0000  135.0000
OVL200F1    52X0.2F1        535.53    496.61 -214.4278 -224.1907  0.050763  0.050777   45.0559  135.0559
OVL200R1    52X0.2F1-R      535.97    516.00 -213.7167 -224.8721  0.050763  0.050777   45.0559  135.0559
OFL200F2    52X0.2F2       1034.74   1121.54 -213.0345 -225.5824  0.012371  0.012371   45.0000  135.0000
OFL200R2    52X0.2F2-R     1036.65   1041.67 -213.7143 -224.8697  0.012371  0.012371   45.0000  135.0000
ONL200F2    52X0.2F2       1034.74   1121.51 -213.0345 -225.5824  0.012375  0.012375   45.0000  135.0000
ONL200R2    52X0.2F2-R     1036.65   1041.67 -213.7143 -224.8697  0.012375  0.012375   45.0000  135.0000
OVL200F2    52X0.2F2        535.59    535.39 -213.0345 -225.5824  0.050763  0.050777   45.0559  135.0559
OVL200R2    52X0.2F2-R      536.03    516.00 -213.7143 -224.8697  0.050763  0.050777   45.0559  135.0559
OFL500F1    52X0.5F1       1033.53    961.80 -214.4375 -224.2004  0.012371  0.012371   45.0000  135.0000
OFL500R1    52X0.5F1-R     1035.25   1041.67 -213.7264 -224.8818  0.012371  0.012371   45.0000  135.0000
ONL500F1    52X0.5F1       1033.52    961.81 -214.4375 -224.2004  0.012375  0.012375   45.0000  135.0000
ONL500R1    52X0.5F1-R     1035.25   1041.66 -213.7264 -224.8818  0.012375  0.012375   45.0000  135.0000
OVL500F1    52X0.5F1        535.26    496.61 -214.4375 -224.2004  0.050763  0.050777   45.0559  135.0559
OVL500R1    52X0.5F1-R      535.70    516.00 -213.7264 -224.8818  0.050763  0.050777   45.0559  135.0559
OFL500F2    52X0.5F2       1034.62   1121.54 -213.0356 -225.5835  0.012371  0.012371   45.0000  135.0000
OFL500R2    52X0.5F2-R     1036.53   1041.67 -213.7153 -224.8708  0.012371  0.012371   45.0000  135.0000
ONL500F2    52X0.5F2       1034.61   1121.51 -213.0356 -225.5835  0.012375  0.012375   45.0000  135.0000
ONL500R2    52X0.5F2-R     1036.52   1041.67 -213.7153 -224.8708  0.012375  0.012375   45.0000  135.0000
OVL500F2    52X0.5F2        535.56    535.39 -213.0356 -225.5835  0.050763  0.050777   45.0559  135.0559
OVL500R2    52X0.5F2-R      536.00    516.00 -213.7153 -224.8708  0.050763  0.050777   45.0559  135.0559
OFL2F1      52X2F1         1033.61    961.80 -214.4368 -224.1996  0.012371  0.012371   45.0000  135.0000
OFL2R1      52X2F1-R       1035.33   1041.67 -213.7256 -224.8811  0.012371  0.012371   45.0000  135.0000
ONL2F1      52X2F1         1033.61    961.81 -214.4368 -224.1996  0.012375  0.012375   45.0000  135.0000
ONL2R1      52X2F1-R       1035.33   1041.67 -213.7256 -224.8811  0.012375  0.012375   45.0000  135.0000
OVL2F1      52X2F1          535.28    496.61 -214.4368 -224.1996  0.050763  0.050777   45.0559  135.0559
OVL2R1      52X2F1-R        535.72    516.00 -213.7256 -224.8811  0.050763  0.050777   45.0559  135.0559
OFL2F2      52X2F2         1033.70   1121.54 -213.0435 -225.5914  0.012371  0.012371   45.0000  135.0000
OFL2R2      52X2F2-R       1035.61   1041.67 -213.7232 -224.8787  0.012371  0.012371   45.0000  135.0000
ONL2F2      52X2F2         1033.70   1121.51 -213.0435 -225.5914  0.012375  0.012375   45.0000  135.0000
ONL2R2      52X2F2-R       1035.61   1041.67 -213.7232 -224.8787  0.012375  0.012375   45.0000  135.0000
OVL2F2      52X2F2          535.34    535.39 -213.0435 -225.5914  0.050763  0.050777   45.0559  135.0559
OVL2R2      52X2F2-R        535.78    516.00 -213.7232 -224.8787  0.050763  0.050777   45.0559  135.0559
OFLBAR1     52X0.1B1.0     1032.16    961.80 -214.4493 -224.2122  0.012371  0.012371   45.0000  135.0000
OFLBARR1    52X0.1B1.0-R   1034.15   1041.67 -213.7359 -224.8913  0.012371  0.012371   45.0000  135.0000
ONLBAR1     52X0.1B1.0     1032.16    961.82 -214.4493 -224.2122  0.012375  0.012375   45.0000  135.0000
ONLBARR1    52X0.1B1.0-R   1034.14   1041.66 -213.7359 -224.8913  0.012375  0.012375   45.0000  135.0000
OVLBAR1     52X0.1B1.0      534.93    496.61 -214.4493 -224.2122  0.050763  0.050777   45.0559  135.0559
OVLBARR1    52X0.1B1.0-R    535.43    516.00 -213.7359 -224.8913  0.050763  0.050777   45.0559  135.0559
OFLBAR3     52X0.1B3.0     1033.80   1282.97 -211.6354 -226.9978  0.012371  0.012371   45.0000  135.0000
OFLBARR3    52X0.1B3.0-R   1039.26   1041.67 -213.6917 -224.8472  0.012371  0.012371   45.0000  135.0000
ONLBAR3     52X0.1B3.0     1033.79   1282.89 -211.6354 -226.9978  0.012375  0.012375   45.0000  135.0000
ONLBARR3    52X0.1B3.0-R   1039.25   1041.67 -213.6917 -224.8472  0.012375  0.012375   45.0000  135.0000
OVLBAR3     52X0.1B3.0      535.40    574.59 -211.6354 -226.9978  0.050763  0.050777   45.0559  135.0559
OVLBARR3    52X0.1B3.0-R    536.66    516.00 -213.6917 -224.8472  0.050763  0.050777   45.0559  135.0559
OV25                        537.00    516.00 -213.6796 -224.8351  0.050763  0.050777   45.0559  135.0559
OV25LYA                     537.00    516.00 -213.6796 -224.8351  0.050763  0.050777   45.0559  135.0559
OV25QTZ                     537.00    516.00 -213.6796 -224.8351  0.050763  0.050777   45.0559  135.0559
OV25CN182                   537.00    516.00 -213.6796 -224.8351  0.050763  0.050777   45.0559  135.0559
OV25C3                      537.00    516.00 -213.6796 -224.8351  0.050763  0.050777   45.0559  135.0559
OV25MG2                     537.00    516.00 -213.6796 -224.8351  0.050763  0.050777   45.0559  135.0559
OV25SRF2                    537.00    516.00 -213.6796 -224.8351  0.050763  0.050777   45.0559  135.0559
OV25CN270                   537.00    516.00 -213.6796 -224.8351  0.050763  0.050777   45.0559  135.0559
OFDEFAULT                  1040.66   1041.68 -213.6796 -224.8351  0.012371  0.012371   45.0000  135.0000
ONDEFAULT                  1040.65   1041.67 -213.6796 -224.8351  0.012375  0.012375   45.0000  135.0000
OVDEFAULT                   537.00    516.00 -213.6796 -224.8351  0.050763  0.050777   45.0559  135.0559
OVL050E1    52X0.05E1       539.79    899.33 -199.8291 -238.5117  0.050763  0.050777   45.0559  135.0559
OVL100E1    52X0.1E1        539.60    899.33 -199.8361 -238.5187  0.050763  0.050777   45.0559  135.0559
OVL200E1    52X0.2E1        540.78    899.33 -199.7935 -238.4762  0.050763  0.050777   45.0559  135.0559
OVL500E1    52X0.5E1        540.64    899.33 -199.7985 -238.4812  0.050763  0.050777   45.0559  135.0559
OVL2E1      52X2E1          540.53    899.33 -199.8025 -238.4852  0.050763  0.050777   45.0559  135.0559
OVL050D1    52X0.05D1       536.55    382.08 -218.4993 -220.0381  0.050763  0.050777   45.0559  135.0559
OVL100D1    52X0.1D1        536.56    382.08 -218.4991 -220.0378  0.050763  0.050777   45.0559  135.0559
OVL200D1    52X0.2D1        537.82    382.08 -218.4536 -219.9924  0.050763  0.050777   45.0559  135.0559
OVL500D1    52X0.5D1        537.82    382.08 -218.4579 -219.9969  0.050763  0.050777   45.0559  135.0559 # missing row filled by comparison to other rows
OFL050D1    52X0.05D1      1039.38    492.00 -218.4991 -220.0379  0.012371  0.012371   45.0000  135.0000
OFL100D1    52X0.1D1       1039.41    492.00 -218.4989 -220.0377  0.012371  0.012371   45.0000  135.0000
OFL200D1    52X0.2D1       1044.66    492.01 -218.4528 -219.9918  0.012371  0.012371   45.0000  135.0000
OFL500D1    52X0.5D1       1044.08    492.01 -218.4579 -219.9969  0.012371  0.012371   45.0000  135.0000
OFL2D1      52X2D1         1043.62    492.01 -218.4619 -220.0009  0.012371  0.012371   45.0000  135.0000
OF25D1      25MAMAD1       1038.36    492.00 -218.5080 -220.0468  0.012371  0.012371   45.0000  135.0000
OF25QTZD1   F25QTZD1       1038.36    492.00 -218.4597 -219.9985  0.012371  0.012371   45.0000  135.0000
OF25SRF2D1  F25SRF2D1      1038.36    492.00 -218.4581 -219.9970  0.012371  0.012371   45.0000  135.0000
OVL200E2    52X0.2E2        539.60    899.33 -199.8361 -238.5187  0.050763  0.050777   45.0559  135.0559
OVL500E2    52X0.5E2        539.60    899.33 -199.8361 -238.5187  0.050763  0.050777   45.0559  135.0559
OVL2E2      52X2E2          539.60    899.33 -199.8361 -238.5187  0.050763  0.050777   45.0559  135.0559
OVWGA06     WEDGEA0.6       327.52     68.83 -237.2461 -216.2759  0.050763  0.050777   45.0559  135.0559